image_width: 640
image_height: 480
camera_name: camera
camera_matrix:
  rows: 3
  cols: 3
  data: [387.53329439883811, 0, 320.43816499248453, 0, 387.46033413720806, 245.67110240149893, 0, 0, 1]
distortion_model: plumb_bob
distortion_coefficients:
  rows: 1
  cols: 5
  data: [-0.053522034596661661, 0.067860321037874441, -0.00082707909821020580, 0.00011099363899674797, -0.026857243567768509]
rectification_matrix:
  rows: 3
  cols: 3
  data: [1, 0, 0, 0, 1, 0, 0, 0, 1]
projection_matrix:
  rows: 3
  cols: 4
  data: [387.53329439883811, 0, 320.43816499248453, 0, 0, 387.46033413720806, 245.67110240149893, 0, 0, 0, 1, 0]

# ---
# header: 
#   seq: 413
#   stamp: 
#     secs: 1727091297
#     nsecs: 782922268
#   frame_id: "locobot/camera_color_optical_frame"
# height: 480
# width: 640
# distortion_model: "plumb_bob"
# D: [-0.05430610105395317, 0.06399306654930115, -0.0011168108321726322, 4.981948950444348e-05, -0.02058405615389347]
# K: [385.2490539550781, 0.0, 319.05145263671875, 0.0, 384.21539306640625, 244.51524353027344, 0.0, 0.0, 1.0]
# R: [1.0, 0.0, 0.0, 0.0, 1.0, 0.0, 0.0, 0.0, 1.0]
# P: [385.2490539550781, 0.0, 319.05145263671875, 0.0, 0.0, 384.21539306640625, 244.51524353027344, 0.0, 0.0, 0.0, 1.0, 0.0]
# binning_x: 0
# binning_y: 0
# roi: 
#   x_offset: 0
#   y_offset: 0
#   height: 0
#   width: 0
#   do_rectify: False
# ---
